1.278511124239506023e-03 1.965000033378601074e+00
3.928157732069774422e-03 1.965250015258789062e+00
1.887814987932318403e-02 1.965499997138977051e+00
3.376465624996015380e-02 1.965749979019165039e+00
4.712834012380651832e-02 1.965999960899353027e+00
6.085167721612645686e-02 1.966249942779541016e+00
7.053562035870353242e-02 1.966500043869018555e+00
7.088000631824648012e-02 1.966750025749206543e+00
6.159084671073670331e-02 1.967000007629394531e+00
4.136750890134583553e-02 1.967249989509582520e+00
1.025840295953456965e-02 1.967499971389770508e+00
-1.828236363392930081e-02 1.967749953269958496e+00
-2.516780304455383879e-02 1.968000054359436035e+00
-9.717832648523536121e-03 1.968250036239624023e+00
6.334224077214614321e-03 1.968500018119812012e+00
9.895474388328499155e-03 1.968750000000000000e+00
1.510703027827726801e-02 1.968999981880187988e+00
4.000302501980388531e-02 1.969249963760375977e+00
7.965277932373751590e-02 1.969499945640563965e+00
1.136597064800606849e-01 1.969750046730041504e+00
1.262983272380038269e-01 1.970000028610229492e+00
1.089636210524380922e-01 1.970250010490417480e+00
6.588349673117349647e-02 1.970499992370605469e+00
1.854062152191718327e-02 1.970749974250793457e+00
-5.572387745188937293e-03 1.970999956130981445e+00
2.587248843851394035e-03 1.971250057220458984e+00
2.783146096660987084e-02 1.971500039100646973e+00
5.346416168116554374e-02 1.971750020980834961e+00
8.130397285830227860e-02 1.972000002861022949e+00
1.101786037726575351e-01 1.972249984741210938e+00
1.157825261278154494e-01 1.972499966621398926e+00
7.894796904983304719e-02 1.972749948501586914e+00
2.064740769286617719e-02 1.973000049591064453e+00
-1.919747586021359684e-02 1.973250031471252441e+00
-2.959467226575274862e-02 1.973500013351440430e+00
-2.925501255513126425e-02 1.973749995231628418e+00
-2.687260956568322465e-02 1.973999977111816406e+00
-1.296089312210125556e-02 1.974249958992004395e+00
1.244912740114480741e-02 1.974499940872192383e+00
3.032976542480356891e-02 1.974750041961669922e+00
1.996868071226630056e-02 1.975000023841857910e+00
-1.989939899610321250e-02 1.975250005722045898e+00
-6.973388162323941597e-02 1.975499987602233887e+00
-1.032117177522146184e-01 1.975749969482421875e+00
-1.058570813016362078e-01 1.975999951362609863e+00
-8.059116321450245091e-02 1.976250052452087402e+00
-4.149478865286076318e-02 1.976500034332275391e+00
-2.701652853794840083e-03 1.976750016212463379e+00
2.045721307689386814e-02 1.976999998092651367e+00
1.784217351345281782e-02 1.977249979972839355e+00
-6.879144453201269278e-03 1.977499961853027344e+00
-4.045898289434177175e-02 1.977749943733215332e+00
-6.801580868104264987e-02 1.978000044822692871e+00
-7.481674341606417422e-02 1.978250026702880859e+00
-5.649485985340545885e-02 1.978500008583068848e+00
-2.480773941475076377e-02 1.978749990463256836e+00
-8.702295983575626410e-04 1.978999972343444824e+00
2.477964367748748589e-03 1.979249954223632812e+00
-9.875256030707485824e-03 1.979500055313110352e+00
-2.610434342273149771e-02 1.979750037193298340e+00
-4.194573911986064496e-02 1.980000019073486328e+00
-5.341580161232329510e-02 1.980250000953674316e+00
-4.966484630762676294e-02 1.980499982833862305e+00
-2.827511887594435364e-02 1.980749964714050293e+00
-5.239497917918719411e-03 1.980999946594238281e+00
1.822699077866220306e-03 1.981250047683715820e+00
-8.142067788840415959e-03 1.981500029563903809e+00
-2.157342643371110841e-02 1.981750011444091797e+00
-2.849700465127501248e-02 1.981999993324279785e+00
-3.281667089931260273e-02 1.982249975204467773e+00
-3.704031732878951266e-02 1.982499957084655762e+00
-3.029997424430806024e-02 1.982750058174133301e+00
-7.842718545476769915e-03 1.983000040054321289e+00
1.384105221019340387e-02 1.983250021934509277e+00
1.791717252015611467e-02 1.983500003814697266e+00
7.766404318448141310e-03 1.983749985694885254e+00
9.499200766192435414e-04 1.983999967575073242e+00
5.634866569843028326e-03 1.984249949455261230e+00
1.058672899012625714e-02 1.984500050544738770e+00
5.748818764142644283e-03 1.984750032424926758e+00
-1.708692922400804979e-03 1.985000014305114746e+00
-3.417140596722907132e-03 1.985249996185302734e+00
-4.646414173929996894e-03 1.985499978065490723e+00
-1.294439153419044315e-02 1.985749959945678711e+00
-2.584863911310440049e-02 1.985999941825866699e+00
-3.495602700624519943e-02 1.986250042915344238e+00
-3.437286172919531979e-02 1.986500024795532227e+00
-2.357661476956106686e-02 1.986750006675720215e+00
-6.913951318637212747e-03 1.986999988555908203e+00
7.437774630629857657e-03 1.987249970436096191e+00
1.293552655565134539e-02 1.987499952316284180e+00
6.983318932469311478e-03 1.987750053405761719e+00
-6.061356759911123125e-03 1.988000035285949707e+00
-1.345142112446945371e-02 1.988250017166137695e+00
-8.120624778851077280e-03 1.988499999046325684e+00
-1.919646470972309659e-03 1.988749980926513672e+00
-9.660990385887618243e-03 1.988999962806701660e+00
-3.020947881614424735e-02 1.989249944686889648e+00
-5.411749119049730911e-02 1.989500045776367188e+00
-7.409112991926829206e-02 1.989750027656555176e+00
-8.580595085214673401e-02 1.990000009536743164e+00
-8.688375719569046973e-02 1.990249991416931152e+00
-7.775276682631417080e-02 1.990499973297119141e+00
-6.140108217221368347e-02 1.990749955177307129e+00
-4.416587793105117982e-02 1.991000056266784668e+00
-3.673982753909229432e-02 1.991250038146972656e+00
-4.397215608095340206e-02 1.991500020027160645e+00
-5.328871745288512457e-02 1.991750001907348633e+00
-4.642246850248459011e-02 1.991999983787536621e+00
-2.005492446554751201e-02 1.992249965667724609e+00
1.310491229815679420e-02 1.992499947547912598e+00
3.715164651594919654e-02 1.992750048637390137e+00
4.834096527234683222e-02 1.993000030517578125e+00
6.074728036773379553e-02 1.993250012397766113e+00
8.298111873441803288e-02 1.993499994277954102e+00
9.730837494187739856e-02 1.993749976158142090e+00
8.346165177946965330e-02 1.993999958038330078e+00
4.960831916658326596e-02 1.994250059127807617e+00
1.869451719331433406e-02 1.994500041007995605e+00
-1.983082764999052547e-03 1.994750022888183594e+00
-1.821592638002502221e-02 1.995000004768371582e+00
-2.910663687582600717e-02 1.995249986648559570e+00
-2.381065047917405725e-02 1.995499968528747559e+00
1.287643194467632092e-03 1.995749950408935547e+00
3.096190005083894123e-02 1.996000051498413086e+00
4.890632877730212436e-02 1.996250033378601074e+00
5.245606964493656349e-02 1.996500015258789062e+00
4.232516927980436994e-02 1.996749997138977051e+00
1.481428510355872231e-02 1.996999979019165039e+00
-2.323565302198681015e-02 1.997249960899353027e+00
-5.201792901688588600e-02 1.997499942779541016e+00
-5.617455245160823951e-02 1.997750043869018555e+00
-3.922843126196683822e-02 1.998000025749206543e+00
-1.586375846528874020e-02 1.998250007629394531e+00
5.566873011997758650e-03 1.998499989509582520e+00
2.462579589516283168e-02 1.998749971389770508e+00
3.386407804207707678e-02 1.998999953269958496e+00
2.299486236140141360e-02 1.999250054359436035e+00
-4.105676441556392088e-03 1.999500036239624023e+00
-3.059821682750471852e-02 1.999750018119812012e+00
-3.988719243905532175e-02 2.000000000000000000e+00
-2.934113452948335435e-02 2.000250101089477539e+00
-1.351297132433044307e-02 2.000499963760375977e+00
-6.614856677434366103e-03 2.000750064849853516e+00
-5.139091522081600319e-03 2.000999927520751953e+00
1.542721263248431019e-03 2.001250028610229492e+00
1.045055995083053052e-02 2.001499891281127930e+00
8.954230436708740873e-03 2.001749992370605469e+00
-4.272416815103583822e-03 2.002000093460083008e+00
-1.367517257696205212e-02 2.002249956130981445e+00
-3.475422902725384174e-03 2.002500057220458984e+00
2.156061461416232741e-02 2.002749919891357422e+00
4.151194754586754604e-02 2.003000020980834961e+00
4.465794981193658975e-02 2.003249883651733398e+00
3.714535923785768773e-02 2.003499984741210938e+00
2.698441001505725093e-02 2.003750085830688477e+00
1.702498971965599531e-02 2.003999948501586914e+00
1.035149847893574067e-02 2.004250049591064453e+00
8.063402760811454531e-03 2.004499912261962891e+00
6.955843448569200629e-03 2.004750013351440430e+00
5.914180224645527659e-03 2.005000114440917969e+00
5.509632037202887890e-03 2.005249977111816406e+00
4.615850107054982401e-03 2.005500078201293945e+00
1.763821263484701991e-03 2.005749940872192383e+00
-5.568129510656731097e-03 2.006000041961669922e+00
-1.855488876436792514e-02 2.006249904632568359e+00
-3.085197655598691940e-02 2.006500005722045898e+00
-3.346192705656494959e-02 2.006750106811523438e+00
-2.207483366159895127e-02 2.006999969482421875e+00
4.849351935359519014e-03 2.007250070571899414e+00
4.135759034091450459e-02 2.007499933242797852e+00
6.956156433331356359e-02 2.007750034332275391e+00
6.995638197505493761e-02 2.007999897003173828e+00
3.854775145438749107e-02 2.008249998092651367e+00
-7.695447641084730665e-03 2.008500099182128906e+00
-4.199588602193618514e-02 2.008749961853027344e+00
-5.391187856897784736e-02 2.009000062942504883e+00
-5.206946813310003863e-02 2.009249925613403320e+00
-4.410282250915569663e-02 2.009500026702880859e+00
-3.133583826838415298e-02 2.009749889373779297e+00
-2.083854992000500408e-02 2.009999990463256836e+00
-2.165416875736385360e-02 2.010250091552734375e+00
-3.161369925113143714e-02 2.010499954223632812e+00
-3.843112379400028672e-02 2.010750055313110352e+00
-3.428292112400836700e-02 2.010999917984008789e+00
-2.164104834131521521e-02 2.011250019073486328e+00
-7.240105186959513127e-03 2.011499881744384766e+00
2.649395475415052947e-03 2.011749982833862305e+00
2.724201729654044096e-03 2.012000083923339844e+00
-3.934591643296523993e-03 2.012249946594238281e+00
-5.702218317144219957e-03 2.012500047683715820e+00
2.242853648151008072e-03 2.012749910354614258e+00
1.065181248816067516e-02 2.013000011444091797e+00
9.706060253436826074e-03 2.013250112533569336e+00
2.370088522956429692e-03 2.013499975204467773e+00
5.939770400323593534e-04 2.013750076293945312e+00
1.211814058497014124e-02 2.013999938964843750e+00
3.108163959047429564e-02 2.014250040054321289e+00
4.785837537024081878e-02 2.014499902725219727e+00
5.629266440099729013e-02 2.014750003814697266e+00
4.759370700300329105e-02 2.015000104904174805e+00
1.868505994445218699e-02 2.015249967575073242e+00
-1.475791687410180769e-02 2.015500068664550781e+00
-3.642670500457850097e-02 2.015749931335449219e+00
-4.634322322408847977e-02 2.016000032424926758e+00
-5.069750132224555561e-02 2.016249895095825195e+00
-5.013615188878995516e-02 2.016499996185302734e+00
-4.499568817536692827e-02 2.016750097274780273e+00
-3.718575961471626279e-02 2.016999959945678711e+00
-2.520216439942163378e-02 2.017250061035156250e+00
-9.267130259627153269e-03 2.017499923706054688e+00
4.014565481878951993e-03 2.017750024795532227e+00
8.776079982738832150e-03 2.017999887466430664e+00
3.821452055567319331e-03 2.018249988555908203e+00
-9.001949792314984863e-03 2.018500089645385742e+00
-2.275876384580692927e-02 2.018749952316284180e+00
-3.406122531403139170e-02 2.019000053405761719e+00
-4.993964885960662514e-02 2.019249916076660156e+00
-7.354445540161955175e-02 2.019500017166137695e+00
-9.350796123194030085e-02 2.019750118255615234e+00
-9.722891774060786474e-02 2.019999980926513672e+00
-8.240142976051670343e-02 2.020250082015991211e+00
-4.821115459797571667e-02 2.020499944686889648e+00
4.546103197284697382e-03 2.020750045776367188e+00
6.023187029877586501e-02 2.020999908447265625e+00
9.279057956410380337e-02 2.021250009536743164e+00
9.060384853561341545e-02 2.021500110626220703e+00
6.625437665539141152e-02 2.021749973297119141e+00
3.927830729377621011e-02 2.022000074386596680e+00
1.888233465715348156e-02 2.022249937057495117e+00
4.625871476736653776e-03 2.022500038146972656e+00
-4.952692689896787126e-03 2.022749900817871094e+00
-9.234099432171608349e-03 2.023000001907348633e+00
-4.293406187397067961e-03 2.023250102996826172e+00
1.584693528740491880e-02 2.023499965667724609e+00
4.882919080732366079e-02 2.023750066757202148e+00
7.498517724207498514e-02 2.023999929428100586e+00
7.593945766925506990e-02 2.024250030517578125e+00
5.876290070507923097e-02 2.024499893188476562e+00
4.300887161620812332e-02 2.024749994277954102e+00
3.029169237890766420e-02 2.025000095367431641e+00
8.715879334528974995e-03 2.025249958038330078e+00
-2.272304138769991322e-02 2.025500059127807617e+00
-5.009079887933255010e-02 2.025749921798706055e+00
-6.029160939175869788e-02 2.026000022888183594e+00
-5.498753502415236472e-02 2.026249885559082031e+00
-4.626457495628522043e-02 2.026499986648559570e+00
-4.162240419845162492e-02 2.026750087738037109e+00
-3.721108216245459094e-02 2.026999950408935547e+00
-2.989615865465573147e-02 2.027250051498413086e+00
-2.363804401150798595e-02 2.027499914169311523e+00
-1.697831802548534219e-02 2.027750015258789062e+00
-1.347981522391130619e-03 2.028000116348266602e+00
1.696505509080207738e-02 2.028249979019165039e+00
1.534085723159686263e-02 2.028500080108642578e+00
-1.362600047881513260e-02 2.028749942779541016e+00
-4.508139643069336566e-02 2.029000043869018555e+00
-4.846947857980763580e-02 2.029249906539916992e+00
-2.035485371032842022e-02 2.029500007629394531e+00
1.176064342790873567e-02 2.029750108718872070e+00
1.898178716534469276e-02 2.029999971389770508e+00
-2.311482018066312455e-03 2.030250072479248047e+00
-3.511352481648472024e-02 2.030499935150146484e+00
-5.609556396227317887e-02 2.030750036239624023e+00
-4.792389975770655619e-02 2.030999898910522461e+00
-1.094651256974823322e-02 2.031250000000000000e+00
3.394576832265220473e-02 2.031500101089477539e+00
6.453633019605896359e-02 2.031749963760375977e+00
7.336691173961355783e-02 2.032000064849853516e+00
6.296882477474347040e-02 2.032249927520751953e+00
3.988994832492673281e-02 2.032500028610229492e+00
1.636420542794482860e-02 2.032749891281127930e+00
1.984610621570335933e-03 2.032999992370605469e+00
-4.557402042862281760e-03 2.033250093460083008e+00
-9.218001933077191873e-03 2.033499956130981445e+00
-1.174497354106273338e-02 2.033750057220458984e+00
-6.749099400962793940e-03 2.033999919891357422e+00
5.504080874123975196e-03 2.034250020980834961e+00
1.643101003809787838e-02 2.034499883651733398e+00
1.755090812829485786e-02 2.034749984741210938e+00
5.871234266352748365e-03 2.035000085830688477e+00
-1.752923649833339897e-02 2.035249948501586914e+00
-4.263916292827018423e-02 2.035500049591064453e+00
-5.212834622010205365e-02 2.035749912261962891e+00
-3.696196539513631196e-02 2.036000013351440430e+00
-2.593394853929011003e-03 2.036250114440917969e+00
3.781862458017543754e-02 2.036499977111816406e+00
6.449768851820565640e-02 2.036750078201293945e+00
6.301493440891382802e-02 2.036999940872192383e+00
4.324642870339329842e-02 2.037250041961669922e+00
3.014583404025542035e-02 2.037499904632568359e+00
3.237190167740051916e-02 2.037750005722045898e+00
3.585387258517237774e-02 2.038000106811523438e+00
2.837293891561646145e-02 2.038249969482421875e+00
1.581108118778477498e-02 2.038500070571899414e+00
5.297902804033947227e-03 2.038749933242797852e+00
-8.545164867072151116e-03 2.039000034332275391e+00
-2.735649050470703378e-02 2.039249897003173828e+00
-3.773965390713291540e-02 2.039499998092651367e+00
-3.150385000625223475e-02 2.039750099182128906e+00
-2.090949164459001211e-02 2.039999961853027344e+00
-2.085009379758977210e-02 2.040250062942504883e+00
-2.838022755213721535e-02 2.040499925613403320e+00
-3.316981602895756331e-02 2.040750026702880859e+00
-3.233460888260662747e-02 2.040999889373779297e+00
-2.407344492130884805e-02 2.041249990463256836e+00
-5.188153696610175829e-03 2.041500091552734375e+00
1.619344171355957887e-02 2.041749954223632812e+00
2.858581482694986381e-02 2.042000055313110352e+00
3.699817006812466946e-02 2.042249917984008789e+00
5.495803662932923633e-02 2.042500019073486328e+00
7.870358312778684418e-02 2.042749881744384766e+00
8.423061571926858393e-02 2.042999982833862305e+00
5.359797559627735297e-02 2.043250083923339844e+00
-1.740898084461235803e-03 2.043499946594238281e+00
-4.930768838934788262e-02 2.043750047683715820e+00
-7.014323367135508192e-02 2.043999910354614258e+00
-7.166149050073332416e-02 2.044250011444091797e+00
-7.032088913206023528e-02 2.044500112533569336e+00
-7.198566144849284643e-02 2.044749975204467773e+00
-7.075020475935804576e-02 2.045000076293945312e+00
-6.053593524759647709e-02 2.045249938964843750e+00
-4.434004974882408551e-02 2.045500040054321289e+00
-2.839560314431323340e-02 2.045749902725219727e+00
-1.039081511472423475e-02 2.046000003814697266e+00
1.278668620574687637e-02 2.046250104904174805e+00
3.130688249915016680e-02 2.046499967575073242e+00
3.318502263862193463e-02 2.046750068664550781e+00
2.573889644260372520e-02 2.046999931335449219e+00
2.839847252396925439e-02 2.047250032424926758e+00
4.625088819242558630e-02 2.047499895095825195e+00
6.236127648670058282e-02 2.047749996185302734e+00
5.715131780931518440e-02 2.048000097274780273e+00
2.758882877001620285e-02 2.048249959945678711e+00
-1.164649946474676824e-02 2.048500061035156250e+00
-4.444256559861803346e-02 2.048749923706054688e+00
-6.189827400923383904e-02 2.049000024795532227e+00
-6.383775786172862787e-02 2.049249887466430664e+00
-5.794083345465227131e-02 2.049499988555908203e+00
-5.018226644548904464e-02 2.049750089645385742e+00
-3.600124867587893573e-02 2.049999952316284180e+00
-9.576346468848525445e-03 2.050250053405761719e+00
2.416696380872788985e-02 2.050499916076660156e+00
5.393376049375862152e-02 2.050750017166137695e+00
6.878915636922880439e-02 2.051000118255615234e+00
6.310158248351001309e-02 2.051249980926513672e+00
3.977845290756600038e-02 2.051500082015991211e+00
9.610460386072713218e-03 2.051749944686889648e+00
-1.649045861656073600e-02 2.052000045776367188e+00
-2.891612143610848562e-02 2.052249908447265625e+00
-2.274655585589608828e-02 2.052500009536743164e+00
-4.653983230618259290e-03 2.052750110626220703e+00
8.661309080403195235e-03 2.052999973297119141e+00
7.084299028792547838e-03 2.053250074386596680e+00
-6.611887816012075071e-03 2.053499937057495117e+00
-2.626924870242366983e-02 2.053750038146972656e+00
-4.998537602727583240e-02 2.053999900817871094e+00
-7.270472323904109135e-02 2.054250001907348633e+00
-7.886304621441234119e-02 2.054500102996826172e+00
-5.733480676886915095e-02 2.054749965667724609e+00
-2.223479879877433493e-02 2.055000066757202148e+00
-2.523638168539996118e-03 2.055249929428100586e+00
-9.420400604309989850e-03 2.055500030517578125e+00
-2.608249226694776476e-02 2.055749893188476562e+00
-2.927337290990117413e-02 2.055999994277954102e+00
-1.157044116481466267e-02 2.056250095367431641e+00
1.381121881227563401e-02 2.056499958038330078e+00
2.967473212041842751e-02 2.056750059127807617e+00
3.181010436956371173e-02 2.056999921798706055e+00
3.001181074651749353e-02 2.057250022888183594e+00
3.375824347720604579e-02 2.057499885559082031e+00
4.707425257215201025e-02 2.057749986648559570e+00
6.945575587192340250e-02 2.058000087738037109e+00
9.043566175013474651e-02 2.058249950408935547e+00
9.177010621566944470e-02 2.058500051498413086e+00
6.814660340020640972e-02 2.058749914169311523e+00
3.874642025650665983e-02 2.059000015258789062e+00
2.635394668579535069e-02 2.059250116348266602e+00
3.136913282066724346e-02 2.059499979019165039e+00
3.708186156464014088e-02 2.059750080108642578e+00
3.038243564169652161e-02 2.059999942779541016e+00
8.397994581196801395e-03 2.060250043869018555e+00
-2.086444708305931414e-02 2.060499906539916992e+00
-4.200290704452935842e-02 2.060750007629394531e+00
-4.264609599353115510e-02 2.061000108718872070e+00
-2.439468709939921626e-02 2.061249971389770508e+00
-1.710472027122323692e-03 2.061500072479248047e+00
6.010802898585378834e-03 2.061749935150146484e+00
-5.545569027260756345e-03 2.062000036239624023e+00
-1.946304882962977822e-02 2.062249898910522461e+00
-2.111822974488251209e-02 2.062500000000000000e+00
-1.713658850803284617e-02 2.062750101089477539e+00
-2.032165649514994579e-02 2.062999963760375977e+00
-3.397536604134118038e-02 2.063250064849853516e+00
-5.705383745717560601e-02 2.063499927520751953e+00
-8.287394782371673707e-02 2.063750028610229492e+00
-9.421849545693788963e-02 2.063999891281127930e+00
-7.937378633391345417e-02 2.064249992370605469e+00
-5.024920642582775265e-02 2.064500093460083008e+00
-2.715640010282967254e-02 2.064749956130981445e+00
-1.635693258879773390e-02 2.065000057220458984e+00
-1.364632675620828378e-02 2.065249919891357422e+00
-1.679600966924262376e-02 2.065500020980834961e+00
-2.131036958937809755e-02 2.065749883651733398e+00
-1.485816931371248921e-02 2.065999984741210938e+00
1.324052437094385901e-02 2.066250085830688477e+00
5.243207149301180175e-02 2.066499948501586914e+00
7.271107042692408207e-02 2.066750049591064453e+00
5.554218236858934898e-02 2.066999912261962891e+00
1.840862479259320478e-02 2.067250013351440430e+00
-6.167919048332408394e-03 2.067500114440917969e+00
-2.270027955415262078e-03 2.067749977111816406e+00
1.746535908105166512e-02 2.068000078201293945e+00
2.876388525613931060e-02 2.068249940872192383e+00
1.842618001834399333e-02 2.068500041961669922e+00
-6.786645598833250352e-03 2.068749904632568359e+00
-2.876724325634696933e-02 2.069000005722045898e+00
-3.153508271531234308e-02 2.069250106811523438e+00
-1.246715834322464390e-02 2.069499969482421875e+00
2.018517549987823567e-02 2.069750070571899414e+00
5.594825595802684765e-02 2.069999933242797852e+00
8.237555074102964614e-02 2.070250034332275391e+00
8.600788350162431872e-02 2.070499897003173828e+00
6.611086461761568611e-02 2.070749998092651367e+00
3.165174471499569014e-02 2.071000099182128906e+00
-9.123236662057923954e-03 2.071249961853027344e+00
-4.476104679274493792e-02 2.071500062942504883e+00
-6.072263549524329479e-02 2.071749925613403320e+00
-5.651203483438504288e-02 2.072000026702880859e+00
-4.339793534224870020e-02 2.072249889373779297e+00
-3.080429690261099820e-02 2.072499990463256836e+00
-2.379304811225095920e-02 2.072750091552734375e+00
-2.542377685871274884e-02 2.072999954223632812e+00
-3.171670579886625568e-02 2.073250055313110352e+00
-3.356019972834980297e-02 2.073499917984008789e+00
-2.663021104126916949e-02 2.073750019073486328e+00
-1.359247636075562940e-02 2.073999881744384766e+00
5.856035703340368038e-04 2.074249982833862305e+00
6.450503794719405527e-03 2.074500083923339844e+00
-3.322056943740349204e-03 2.074749946594238281e+00
-2.026957202144492529e-02 2.075000047683715820e+00
-2.361704201280613591e-02 2.075249910354614258e+00
-4.815175247120666475e-03 2.075500011444091797e+00
1.812116397897588563e-02 2.075750112533569336e+00
1.796806186424552282e-02 2.075999975204467773e+00
-7.378345069988780092e-03 2.076250076293945312e+00
-3.033331404129812128e-02 2.076499938964843750e+00
-2.765387935146251808e-02 2.076750040054321289e+00
-5.685254904062778461e-03 2.076999902725219727e+00
1.251916108643410380e-02 2.077250003814697266e+00
1.737968705015184578e-02 2.077500104904174805e+00
1.831225375352580134e-02 2.077749967575073242e+00
2.263750901030719964e-02 2.078000068664550781e+00
2.346192616484688367e-02 2.078249931335449219e+00
1.562337036772338227e-02 2.078500032424926758e+00
7.616680553744773798e-03 2.078749895095825195e+00
5.787963464410012318e-03 2.078999996185302734e+00
4.469225924810422967e-03 2.079250097274780273e+00
1.078498085697426586e-03 2.079499959945678711e+00
1.982676520507549011e-03 2.079750061035156250e+00
7.553333357116950343e-03 2.079999923706054688e+00
1.112249364913076022e-02 2.080250024795532227e+00
9.717529520449984248e-03 2.080499887466430664e+00
1.065194988392496097e-03 2.080749988555908203e+00
-1.830852620739969669e-02 2.081000089645385742e+00
-4.062515821621157097e-02 2.081249952316284180e+00
-4.734178229652925146e-02 2.081500053405761719e+00
-2.826016890578383206e-02 2.081749916076660156e+00
2.799050180089780303e-03 2.082000017166137695e+00
2.087928377902658825e-02 2.082250118255615234e+00
1.737155139526456310e-02 2.082499980926513672e+00
6.163319152225406328e-03 2.082750082015991211e+00
-2.706938869167854755e-03 2.082999944686889648e+00
-1.219347516575580714e-02 2.083250045776367188e+00
-2.180116861285551211e-02 2.083499908447265625e+00
-2.363522952357233892e-02 2.083750009536743164e+00
-1.478765947335343098e-02 2.084000110626220703e+00
-1.444043494166562811e-03 2.084249973297119141e+00
6.791165002496068505e-03 2.084500074386596680e+00
5.033091893418748658e-03 2.084749937057495117e+00
-4.253311988336328647e-03 2.085000038146972656e+00
-1.415934421167086912e-02 2.085249900817871094e+00
-1.494287967355820493e-02 2.085500001907348633e+00
-4.141473193481696167e-04 2.085750102996826172e+00
1.964434027600585678e-02 2.085999965667724609e+00
2.531181033850826712e-02 2.086250066757202148e+00
7.056177920268781600e-03 2.086499929428100586e+00
-2.332799346986074232e-02 2.086750030517578125e+00
-4.318864139556826548e-02 2.086999893188476562e+00
-3.597437101283352395e-02 2.087249994277954102e+00
-8.807745153689372497e-03 2.087500095367431641e+00
1.370340468170482516e-02 2.087749958038330078e+00
1.673878030009603654e-02 2.088000059127807617e+00
8.606122470030187419e-03 2.088249921798706055e+00
2.538118741800148882e-03 2.088500022888183594e+00
-7.476144634482314666e-04 2.088749885559082031e+00
-7.851538025730010056e-03 2.088999986648559570e+00
-2.042664682637107196e-02 2.089250087738037109e+00
-3.427129673961801931e-02 2.089499950408935547e+00
-4.318212100383075902e-02 2.089750051498413086e+00
-3.854764604715869847e-02 2.089999914169311523e+00
-1.548304219767106596e-02 2.090250015258789062e+00
1.813240218488039110e-02 2.090500116348266602e+00
4.469515656545190035e-02 2.090749979019165039e+00
5.225405705696889447e-02 2.091000080108642578e+00
3.951131372736930297e-02 2.091249942779541016e+00
1.453149128652093773e-02 2.091500043869018555e+00
-6.400411718985918492e-03 2.091749906539916992e+00
-3.719288817012735091e-03 2.092000007629394531e+00
2.650971353652459284e-02 2.092250108718872070e+00
6.369256797416607274e-02 2.092499971389770508e+00
7.837981824589346225e-02 2.092750072479248047e+00
5.850821287091649558e-02 2.092999935150146484e+00
1.639654582914809589e-02 2.093250036239624023e+00
-2.447671244142925195e-02 2.093499898910522461e+00
-4.899301419727510043e-02 2.093750000000000000e+00
-5.375229188889091292e-02 2.094000101089477539e+00
-4.426090852522762686e-02 2.094249963760375977e+00
-2.981363094238600672e-02 2.094500064849853516e+00
-1.725070244256559152e-02 2.094749927520751953e+00
-6.885208504622247934e-03 2.095000028610229492e+00
9.018859383193821022e-04 2.095249891281127930e+00
2.338715721287732124e-03 2.095499992370605469e+00
-3.501166527665689355e-03 2.095750093460083008e+00
-1.188918704137320766e-02 2.095999956130981445e+00
-1.785945439806320770e-02 2.096250057220458984e+00
-2.026291828435248382e-02 2.096499919891357422e+00
-2.104282523806144320e-02 2.096750020980834961e+00
-2.226271259229013408e-02 2.096999883651733398e+00
-2.263541396255383531e-02 2.097249984741210938e+00
-1.663537918701960341e-02 2.097500085830688477e+00
-9.259735921062405223e-04 2.097749948501586914e+00
1.800584026181671279e-02 2.098000049591064453e+00
2.907368420690325736e-02 2.098249912261962891e+00
2.957416306097552378e-02 2.098500013351440430e+00
2.222226055045789864e-02 2.098750114440917969e+00
5.416816217815432002e-03 2.098999977111816406e+00
-1.856157433564600487e-02 2.099250078201293945e+00
-3.529499184227247871e-02 2.099499940872192383e+00
-3.506062051189269557e-02 2.099750041961669922e+00
-2.402852083120842960e-02 2.099999904632568359e+00
-1.082218515387917655e-02 2.100250005722045898e+00
7.315797934335093421e-03 2.100500106811523438e+00
3.404436536245073613e-02 2.100749969482421875e+00
5.785406154910412158e-02 2.101000070571899414e+00
6.044652448947670370e-02 2.101249933242797852e+00
3.920601492773612834e-02 2.101500034332275391e+00
8.066189931158642898e-03 2.101749897003173828e+00
-1.560984064413442965e-02 2.101999998092651367e+00
-2.203974747657410499e-02 2.102250099182128906e+00
-1.475642223280346221e-02 2.102499961853027344e+00
-5.865666151938142038e-03 2.102750062942504883e+00
-1.969422286394198040e-03 2.102999925613403320e+00
1.960383437338661275e-04 2.103250026702880859e+00
4.572614124997052658e-03 2.103499889373779297e+00
9.968825504584808567e-03 2.103749990463256836e+00
1.393398243079346788e-02 2.104000091552734375e+00
1.456391287242617648e-02 2.104249954223632812e+00
8.265752782159567491e-03 2.104500055313110352e+00
-7.057853472575472027e-03 2.104749917984008789e+00
-2.450289929486170262e-02 2.105000019073486328e+00
-2.919019037402906247e-02 2.105249881744384766e+00
-1.403258187539398183e-02 2.105499982833862305e+00
8.400766920514581709e-03 2.105750083923339844e+00
2.182245816258287716e-02 2.105999946594238281e+00
2.799029118669637065e-02 2.106250047683715820e+00
3.553849357227678585e-02 2.106499910354614258e+00
3.896073348280357229e-02 2.106750011444091797e+00
2.723521832876266494e-02 2.107000112533569336e+00
5.720791983401293801e-03 2.107249975204467773e+00
-8.749889471343193920e-03 2.107500076293945312e+00
-1.319543142114197425e-02 2.107749938964843750e+00
-2.179048454456099237e-02 2.108000040054321289e+00
-4.141667351474814102e-02 2.108249902725219727e+00
-5.824473418969950550e-02 2.108500003814697266e+00
-5.527188416810861760e-02 2.108750104904174805e+00
-3.490470711020669109e-02 2.108999967575073242e+00
-1.248637498696011233e-02 2.109250068664550781e+00
2.298543461725492589e-03 2.109499931335449219e+00
1.215918088754739529e-02 2.109750032424926758e+00
2.303500220418819300e-02 2.109999895095825195e+00
3.604533256930650409e-02 2.110249996185302734e+00
4.705961708919486480e-02 2.110500097274780273e+00
4.851853022547702315e-02 2.110749959945678711e+00
3.320161027047251190e-02 2.111000061035156250e+00
1.302195327545909364e-03 2.111249923706054688e+00
-3.413488811311010673e-02 2.111500024795532227e+00
-5.434635159783724606e-02 2.111749887466430664e+00
-5.156148528279522886e-02 2.111999988555908203e+00
-3.689345412743497143e-02 2.112250089645385742e+00
-2.411244186569850081e-02 2.112499952316284180e+00
-1.362850452910086170e-02 2.112750053405761719e+00
1.133623679987257092e-03 2.112999916076660156e+00
1.915057005925556097e-02 2.113250017166137695e+00
3.361633099071213021e-02 2.113500118255615234e+00
4.312107779548770420e-02 2.113749980926513672e+00
5.068775547955304411e-02 2.114000082015991211e+00
5.597672538934913428e-02 2.114249944686889648e+00
5.504125178176227928e-02 2.114500045776367188e+00
4.524576378599541593e-02 2.114749908447265625e+00
2.954871083567862933e-02 2.115000009536743164e+00
1.646137284738563925e-02 2.115250110626220703e+00
1.408821255472951159e-02 2.115499973297119141e+00
2.065944950745027958e-02 2.115750074386596680e+00
2.466803704930773528e-02 2.115999937057495117e+00
1.442239768171068269e-02 2.116250038146972656e+00
-1.043884792049492270e-02 2.116499900817871094e+00
-3.884907856051542790e-02 2.116750001907348633e+00
-5.835907209936949669e-02 2.117000102996826172e+00
-6.349559289651721117e-02 2.117249965667724609e+00
-5.618691578922879043e-02 2.117500066757202148e+00
-4.242871655838716116e-02 2.117749929428100586e+00
-2.651089964508955565e-02 2.118000030517578125e+00
-1.154454017343628514e-02 2.118249893188476562e+00
-1.663720156901371278e-03 2.118499994277954102e+00
-4.452109311755080403e-04 2.118750095367431641e+00
-6.377918840175261610e-03 2.118999958038330078e+00
-1.109643217349763622e-02 2.119250059127807617e+00
-7.027218270868016391e-03 2.119499921798706055e+00
-7.639468609219472240e-05 2.119750022888183594e+00
-1.125428992977365412e-03 2.119999885559082031e+00
-7.950945735204365331e-03 2.120249986648559570e+00
-9.592908713728349676e-03 2.120500087738037109e+00
-3.602617705471740286e-03 2.120749950408935547e+00
2.946835984217311029e-03 2.121000051498413086e+00
5.217612544292624804e-03 2.121249914169311523e+00
5.502031381985594306e-03 2.121500015258789062e+00
8.409105309266617576e-03 2.121750116348266602e+00
1.329939152070951265e-02 2.121999979019165039e+00
1.655685539709427292e-02 2.122250080108642578e+00
1.939451923399029484e-02 2.122499942779541016e+00
2.262561394114204552e-02 2.122750043869018555e+00
1.881116768104098072e-02 2.122999906539916992e+00
4.007569809268527079e-03 2.123250007629394531e+00
-9.960497164019572677e-03 2.123500108718872070e+00
-9.545219188085252854e-03 2.123749971389770508e+00
3.021854591907136185e-03 2.124000072479248047e+00
1.886646638546856519e-02 2.124249935150146484e+00
3.615259965051170060e-02 2.124500036239624023e+00
5.202246847548974706e-02 2.124749898910522461e+00
5.534136908084313217e-02 2.125000000000000000e+00
4.034354640130165259e-02 2.125250101089477539e+00
1.692932508355609808e-02 2.125499963760375977e+00
-6.644022120773918072e-04 2.125750064849853516e+00
-8.014601403477053521e-03 2.125999927520751953e+00
-8.325470274715050800e-03 2.126250028610229492e+00
-5.292687710539916747e-03 2.126499891281127930e+00
-1.266523776374713951e-03 2.126749992370605469e+00
-1.030607067975027958e-03 2.127000093460083008e+00
-1.063062937756173269e-02 2.127249956130981445e+00
-2.787040152918625682e-02 2.127500057220458984e+00
-4.034808113753767661e-02 2.127749919891357422e+00
-4.154707479437912826e-02 2.128000020980834961e+00
-3.910293729154348807e-02 2.128249883651733398e+00
-4.094895345536290338e-02 2.128499984741210938e+00
-4.313932319770490825e-02 2.128750085830688477e+00
-3.958103544694675097e-02 2.128999948501586914e+00
-3.297055265424982812e-02 2.129250049591064453e+00
-2.984688392016454292e-02 2.129499912261962891e+00
-2.993029156339210156e-02 2.129750013351440430e+00
-2.501835478409518421e-02 2.130000114440917969e+00
-1.179899436653238792e-02 2.130249977111816406e+00
5.117045464495491086e-04 2.130500078201293945e+00
4.716994422454018343e-03 2.130749940872192383e+00
7.203059617152255886e-03 2.131000041961669922e+00
1.663273475387566300e-02 2.131249904632568359e+00
2.950351676104957105e-02 2.131500005722045898e+00
3.389978869670384060e-02 2.131750106811523438e+00
2.462307860341184096e-02 2.131999969482421875e+00
1.044494628471819356e-02 2.132250070571899414e+00
6.298366058230804414e-03 2.132499933242797852e+00
1.582950912123718898e-02 2.132750034332275391e+00
2.756471933047444436e-02 2.132999897003173828e+00
3.004957890412318297e-02 2.133249998092651367e+00
2.213827850456527233e-02 2.133500099182128906e+00
8.066281556334041133e-03 2.133749961853027344e+00
-7.283386426434388869e-03 2.134000062942504883e+00
-1.617204800645220819e-02 2.134249925613403320e+00
-1.268718812166630058e-02 2.134500026702880859e+00
2.040604242139842581e-03 2.134749889373779297e+00
2.234881966229066222e-02 2.134999990463256836e+00
4.133641080930566813e-02 2.135250091552734375e+00
5.159362612721472147e-02 2.135499954223632812e+00
4.813313269229661101e-02 2.135750055313110352e+00
3.432325984759020121e-02 2.135999917984008789e+00
2.055137494221375219e-02 2.136250019073486328e+00
1.157972883450504760e-02 2.136499881744384766e+00
2.914456003197752557e-03 2.136749982833862305e+00
-5.740923275086962964e-03 2.137000083923339844e+00
-8.130072581714723606e-03 2.137249946594238281e+00
-4.221721882721118750e-03 2.137500047683715820e+00
-1.560150382953138549e-03 2.137749910354614258e+00
-4.825510031606816859e-03 2.138000011444091797e+00
-1.234938776403457332e-02 2.138250112533569336e+00
-1.844458924377330097e-02 2.138499975204467773e+00
-1.710457472661427308e-02 2.138750076293945312e+00
-5.978388008133378798e-03 2.138999938964843750e+00
9.079264447086728834e-03 2.139250040054321289e+00
1.582830188700867086e-02 2.139499902725219727e+00
4.823097526598830662e-03 2.139750003814697266e+00
-2.086126025265436223e-02 2.140000104904174805e+00
-4.690244637668357364e-02 2.140249967575073242e+00
-5.927914140524866149e-02 2.140500068664550781e+00
-5.542852712212734123e-02 2.140749931335449219e+00
-4.178243595126916038e-02 2.141000032424926758e+00
-2.526036549413463936e-02 2.141249895095825195e+00
-1.147208977876653345e-02 2.141499996185302734e+00
-7.960051751876754539e-03 2.141750097274780273e+00
-1.754372825524818172e-02 2.141999959945678711e+00
-3.166295298379698253e-02 2.142250061035156250e+00
-3.754247240517299272e-02 2.142499923706054688e+00
-3.097241962223604497e-02 2.142750024795532227e+00
-1.548477622538897008e-02 2.142999887466430664e+00
4.798547656939257562e-03 2.143249988555908203e+00
2.782462867925756742e-02 2.143500089645385742e+00
4.898716880241833771e-02 2.143749952316284180e+00
6.070529584330339873e-02 2.144000053405761719e+00
6.049624869156388501e-02 2.144249916076660156e+00
5.535648342268397609e-02 2.144500017166137695e+00
5.288091716740393744e-02 2.144750118255615234e+00
5.392827363034553845e-02 2.144999980926513672e+00
5.481769153196860284e-02 2.145250082015991211e+00
5.343662737477011815e-02 2.145499944686889648e+00
5.110030475825784457e-02 2.145750045776367188e+00
4.904515721854273147e-02 2.145999908447265625e+00
4.518228092021306375e-02 2.146250009536743164e+00
3.765343396057489050e-02 2.146500110626220703e+00
3.006609923584065147e-02 2.146749973297119141e+00
2.766781033367473469e-02 2.147000074386596680e+00
2.827641620464674613e-02 2.147249937057495117e+00
2.414344157560360110e-02 2.147500038146972656e+00
1.297157065758646789e-02 2.147749900817871094e+00
1.282489516534993535e-03 2.148000001907348633e+00
-5.883414798022550823e-03 2.148250102996826172e+00
-1.066269883587064350e-02 2.148499965667724609e+00
-1.511660287342352776e-02 2.148750066757202148e+00
-1.722386969512415544e-02 2.148999929428100586e+00
-1.871544124110510743e-02 2.149250030517578125e+00
-2.651858507724610611e-02 2.149499893188476562e+00
-4.211936303099648310e-02 2.149749994277954102e+00
-5.626025709082434212e-02 2.150000095367431641e+00
-5.761265734318933573e-02 2.150249958038330078e+00
-4.197826749057204099e-02 2.150500059127807617e+00
-1.567389699091176550e-02 2.150749921798706055e+00
9.620963165026859970e-03 2.151000022888183594e+00
2.370360777325355300e-02 2.151249885559082031e+00
2.124763597131553231e-02 2.151499986648559570e+00
4.962359712985174760e-03 2.151750087738037109e+00
-1.160260249839050600e-02 2.151999950408935547e+00
-1.790139929244385225e-02 2.152250051498413086e+00
-1.854761497234111781e-02 2.152499914169311523e+00
-2.330712219672009117e-02 2.152750015258789062e+00
-2.975071745865016243e-02 2.153000116348266602e+00
-2.616703044490890570e-02 2.153249979019165039e+00
-9.400398165469997860e-03 2.153500080108642578e+00
8.689516426119254025e-03 2.153749942779541016e+00
1.555604396613330734e-02 2.154000043869018555e+00
1.383739977650863540e-02 2.154249906539916992e+00
1.422386397660127706e-02 2.154500007629394531e+00
1.748274761344670650e-02 2.154750108718872070e+00
1.652891009823645105e-02 2.154999971389770508e+00
9.729972429592019870e-03 2.155250072479248047e+00
5.881462451829307103e-04 2.155499935150146484e+00
-8.391931816427760510e-03 2.155750036239624023e+00
-1.438862632892342654e-02 2.155999898910522461e+00
-1.424008419439961974e-02 2.156250000000000000e+00
-7.890598182364557886e-03 2.156500101089477539e+00
1.592894093421815937e-03 2.156749963760375977e+00
1.209608803372238563e-02 2.157000064849853516e+00
2.273638437558087033e-02 2.157249927520751953e+00
3.184219478048141982e-02 2.157500028610229492e+00
3.750458907432588362e-02 2.157749891281127930e+00
4.000383336599865752e-02 2.157999992370605469e+00
4.068631119944254859e-02 2.158250093460083008e+00
3.847455189203809883e-02 2.158499956130981445e+00
2.966250969023188910e-02 2.158750057220458984e+00
1.328630538018820209e-02 2.158999919891357422e+00
-4.347714213163855410e-03 2.159250020980834961e+00
-1.446081887377687752e-02 2.159499883651733398e+00
-1.500172062045132017e-02 2.159749984741210938e+00
-1.245880575980212561e-02 2.160000085830688477e+00
-1.160878115474107269e-02 2.160249948501586914e+00
-6.921504522140083104e-03 2.160500049591064453e+00
9.415586254563781607e-03 2.160749912261962891e+00
3.295729039210330141e-02 2.161000013351440430e+00
4.766820587452895441e-02 2.161250114440917969e+00
4.247381566149843746e-02 2.161499977111816406e+00
2.082069957123071358e-02 2.161750078201293945e+00
-3.001132774249884796e-03 2.161999940872192383e+00
-1.728871428987886760e-02 2.162250041961669922e+00
-2.264350334527805153e-02 2.162499904632568359e+00
-2.819161052236403633e-02 2.162750005722045898e+00
-3.422533867833197491e-02 2.163000106811523438e+00
-3.040176570014712504e-02 2.163249969482421875e+00
-1.377888799407869791e-02 2.163500070571899414e+00
5.739695544119101725e-03 2.163749933242797852e+00
1.800558695729832792e-02 2.164000034332275391e+00
2.168932835372147996e-02 2.164249897003173828e+00
2.191914288172466807e-02 2.164499998092651367e+00
2.203070573605660915e-02 2.164750099182128906e+00
1.753052651658782921e-02 2.164999961853027344e+00
3.426238925687141376e-03 2.165250062942504883e+00
-1.413491912775718083e-02 2.165499925613403320e+00
-2.194965496191044613e-02 2.165750026702880859e+00
-1.438021307805219251e-02 2.165999889373779297e+00
9.629969891035248131e-04 2.166249990463256836e+00
1.161491939424622553e-02 2.166500091552734375e+00
1.060429679109961554e-02 2.166749954223632812e+00
1.691621006060682261e-03 2.167000055313110352e+00
-3.719370832832371698e-03 2.167249917984008789e+00
1.802030437440380398e-03 2.167500019073486328e+00
1.646746490288934078e-02 2.167749881744384766e+00
3.539039287799583544e-02 2.167999982833862305e+00
5.522065759769248516e-02 2.168250083923339844e+00
7.112341723610343669e-02 2.168499946594238281e+00
7.703962547587087095e-02 2.168750047683715820e+00
7.106135225725193627e-02 2.168999910354614258e+00
5.804587665320221773e-02 2.169250011444091797e+00
4.577629754714026417e-02 2.169500112533569336e+00
3.607857749897466076e-02 2.169749975204467773e+00
2.291810265218903117e-02 2.170000076293945312e+00
3.457806004172180297e-03 2.170249938964843750e+00
-1.429145890296460060e-02 2.170500040054321289e+00
-2.093617493647791095e-02 2.170749902725219727e+00
-1.767468895992048775e-02 2.171000003814697266e+00
-1.111860482670063745e-02 2.171250104904174805e+00
-3.255616215204503328e-03 2.171499967575073242e+00
5.891551076008780079e-03 2.171750068664550781e+00
1.149917743293521651e-02 2.171999931335449219e+00
8.645162770540096644e-03 2.172250032424926758e+00
-9.488544673735058426e-04 2.172499895095825195e+00
-1.013556527676061358e-02 2.172749996185302734e+00
-1.338410947381276847e-02 2.173000097274780273e+00
-1.065035479739875196e-02 2.173249959945678711e+00
-6.414225992135545555e-03 2.173500061035156250e+00
-5.205562981336693713e-03 2.173749923706054688e+00
-6.409206118252137006e-03 2.174000024795532227e+00
-2.660414747268915418e-03 2.174249887466430664e+00
1.067198550509683777e-02 2.174499988555908203e+00
2.618605481896881318e-02 2.174750089645385742e+00
3.217501283980309101e-02 2.174999952316284180e+00
2.417820109919231394e-02 2.175250053405761719e+00
5.776716458367052963e-03 2.175499916076660156e+00
-1.722385171185992006e-02 2.175750017166137695e+00
-3.743516745239077598e-02 2.176000118255615234e+00
-4.698765786085996876e-02 2.176249980926513672e+00
-4.196007496136690967e-02 2.176500082015991211e+00
-2.676792190803198648e-02 2.176749944686889648e+00
-1.129624731295979755e-02 2.177000045776367188e+00
-4.603383685116567599e-03 2.177249908447265625e+00
-8.650012828379688087e-03 2.177500009536743164e+00
-1.716524048295426860e-02 2.177750110626220703e+00
-2.283115049047040532e-02 2.177999973297119141e+00
-2.501133244101270622e-02 2.178250074386596680e+00
-2.681968427656175949e-02 2.178499937057495117e+00
-2.898241996888897484e-02 2.178750038146972656e+00
-2.887694140171987583e-02 2.178999900817871094e+00
-2.309054048550059773e-02 2.179250001907348633e+00
-1.156696993909365166e-02 2.179500102996826172e+00
-1.056635191065133763e-03 2.179749965667724609e+00
7.836892166339885909e-04 2.180000066757202148e+00
-3.371310351044432430e-03 2.180249929428100586e+00
-4.336248371048650151e-03 2.180500030517578125e+00
3.234839512996741644e-03 2.180749893188476562e+00
1.823986719054914926e-02 2.180999994277954102e+00
3.525389118314293385e-02 2.181250095367431641e+00
4.608830942944849851e-02 2.181499958038330078e+00
4.342398522123494531e-02 2.181750059127807617e+00
2.468693355553680524e-02 2.181999921798706055e+00
-1.772650334883132256e-03 2.182250022888183594e+00
-2.112468170242270959e-02 2.182499885559082031e+00
-2.636167545653289243e-02 2.182749986648559570e+00
-2.342574571969777489e-02 2.183000087738037109e+00
-1.828904397313835944e-02 2.183249950408935547e+00
-1.016968415916939816e-02 2.183500051498413086e+00
8.746495496254846859e-04 2.183749914169311523e+00
9.903244225805461418e-03 2.184000015258789062e+00
1.358970173784504638e-02 2.184250116348266602e+00
1.244608595412670382e-02 2.184499979019165039e+00
6.879348044968896202e-03 2.184750080108642578e+00
-1.765875265058519054e-03 2.184999942779541016e+00
-9.783724708641527990e-03 2.185250043869018555e+00
-1.554925177564540038e-02 2.185499906539916992e+00
-2.237668904680718482e-02 2.185750007629394531e+00
-3.194050223492365947e-02 2.186000108718872070e+00
-3.741352782698828539e-02 2.186249971389770508e+00
-2.992873078710512821e-02 2.186500072479248047e+00
-1.137164491329303168e-02 2.186749935150146484e+00
4.270588804482466395e-03 2.187000036239624023e+00
7.546416375523639329e-03 2.187249898910522461e+00
5.052701667897146164e-03 2.187500000000000000e+00
7.362958897639421303e-03 2.187750101089477539e+00
1.477032747143933698e-02 2.187999963760375977e+00
2.225884881432564286e-02 2.188250064849853516e+00
2.859041843630655971e-02 2.188499927520751953e+00
3.340794971526313967e-02 2.188750028610229492e+00
3.271654263192577683e-02 2.188999891281127930e+00
2.347996949767222272e-02 2.189249992370605469e+00
1.014416354208905885e-02 2.189500093460083008e+00
2.687483870346401454e-04 2.189749956130981445e+00
-3.175308339068160218e-03 2.190000057220458984e+00
-2.452143673693322752e-04 2.190249919891357422e+00
8.871755952427718556e-03 2.190500020980834961e+00
2.124517250735409243e-02 2.190749883651733398e+00
3.171910274329595852e-02 2.190999984741210938e+00
3.595483281769092793e-02 2.191250085830688477e+00
3.199552360530065476e-02 2.191499948501586914e+00
2.311086409866863756e-02 2.191750049591064453e+00
1.483826318302774658e-02 2.191999912261962891e+00
6.778951443552650412e-03 2.192250013351440430e+00
-6.837988603486057707e-03 2.192500114440917969e+00
-2.627625877311694572e-02 2.192749977111816406e+00
-4.114292259879476221e-02 2.193000078201293945e+00
-4.133198677130742876e-02 2.193249940872192383e+00
-2.909627812048665163e-02 2.193500041961669922e+00
-1.608883853103005440e-02 2.193749904632568359e+00
-9.420003713344381538e-03 2.194000005722045898e+00
-5.739500973486588026e-03 2.194250106811523438e+00
2.587826895101432313e-03 2.194499969482421875e+00
1.832835415186280514e-02 2.194750070571899414e+00
3.393884003446267367e-02 2.194999933242797852e+00
3.721723966543890455e-02 2.195250034332275391e+00
2.528661114889083419e-02 2.195499897003173828e+00
1.106998050394001482e-02 2.195749998092651367e+00
8.780700655183970235e-03 2.196000099182128906e+00
1.866451737046588219e-02 2.196249961853027344e+00
2.804145224504696332e-02 2.196500062942504883e+00
2.415922120626050329e-02 2.196749925613403320e+00
7.533915841610262787e-03 2.197000026702880859e+00
-8.419689444475277063e-03 2.197249889373779297e+00
-1.084702519580025767e-02 2.197499990463256836e+00
-6.046471770943061654e-04 2.197750091552734375e+00
1.214336544180950710e-02 2.197999954223632812e+00
1.927919654039985872e-02 2.198250055313110352e+00
1.892491313613826540e-02 2.198499917984008789e+00
1.500385427476230889e-02 2.198750019073486328e+00
1.586049847560690174e-02 2.198999881744384766e+00
2.516898159271572025e-02 2.199249982833862305e+00
3.598871784060894002e-02 2.199500083923339844e+00
3.839017002370975762e-02 2.199749946594238281e+00
3.002633780800309515e-02 2.200000047683715820e+00
1.711097471295601122e-02 2.200249910354614258e+00
8.143563615415870538e-03 2.200500011444091797e+00
7.091793598667042037e-03 2.200750112533569336e+00
1.118556572051120600e-02 2.200999975204467773e+00
1.482842633422016242e-02 2.201250076293945312e+00
1.264189155690205110e-02 2.201499938964843750e+00
4.473540970513387345e-03 2.201750040054321289e+00
-1.999124898895287324e-03 2.201999902725219727e+00
-9.796354467667548523e-04 2.202250003814697266e+00
1.331322196296308869e-03 2.202500104904174805e+00
-4.052889107689021386e-03 2.202749967575073242e+00
-1.806816506399117062e-02 2.203000068664550781e+00
-3.538560470693545568e-02 2.203249931335449219e+00
-4.761385597359097527e-02 2.203500032424926758e+00
-4.819852163606809514e-02 2.203749895095825195e+00
-3.832658434016525395e-02 2.203999996185302734e+00
-2.503564334406952266e-02 2.204250097274780273e+00
-1.477389306642507352e-02 2.204499959945678711e+00
-1.044991547133429163e-02 2.204750061035156250e+00
-1.077279274311573366e-02 2.204999923706054688e+00
-1.024799504375240033e-02 2.205250024795532227e+00
-5.807477452454085608e-03 2.205499887466430664e+00
-4.614229801771360315e-03 2.205749988555908203e+00
-1.524558428795228827e-02 2.206000089645385742e+00
-3.268448999611003186e-02 2.206249952316284180e+00
-4.151346603517408473e-02 2.206500053405761719e+00
-3.285259149466371320e-02 2.206749916076660156e+00
-1.239046740933344957e-02 2.207000017166137695e+00
5.748044246809313335e-03 2.207250118255615234e+00
1.044862375528413101e-02 2.207499980926513672e+00
5.960796270002568457e-04 2.207750082015991211e+00
-1.797999440714878605e-02 2.207999944686889648e+00
-3.648903595442706121e-02 2.208250045776367188e+00
-4.559804380091551229e-02 2.208499908447265625e+00
-3.963452073983531748e-02 2.208750009536743164e+00
-2.065883688670846347e-02 2.209000110626220703e+00
2.131341083331788656e-03 2.209249973297119141e+00
1.925331107313398710e-02 2.209500074386596680e+00
2.643267826972643328e-02 2.209749937057495117e+00
2.282244490153755717e-02 2.210000038146972656e+00
9.341726896404944913e-03 2.210249900817871094e+00
-7.051997832746201809e-03 2.210500001907348633e+00
-1.696950136710911536e-02 2.210750102996826172e+00
-1.715234817130134939e-02 2.210999965667724609e+00
-8.932063638874342820e-03 2.211250066757202148e+00
7.592942048022464571e-03 2.211499929428100586e+00
2.810582561565189499e-02 2.211750030517578125e+00
4.212162463853555416e-02 2.211999893188476562e+00
4.188737513503473092e-02 2.212249994277954102e+00
3.023161056772787764e-02 2.212500095367431641e+00
1.601354162666301234e-02 2.212749958038330078e+00
6.919085722684063799e-03 2.213000059127807617e+00
5.977814814677137947e-03 2.213249921798706055e+00
1.176575355728730343e-02 2.213500022888183594e+00
2.001260523707866501e-02 2.213749885559082031e+00
2.681165805149495276e-02 2.213999986648559570e+00
2.823159257183310844e-02 2.214250087738037109e+00
2.185636988294931832e-02 2.214499950408935547e+00
1.174306687686412637e-02 2.214750051498413086e+00
6.090641380022378953e-03 2.214999914169311523e+00
7.031519457324542782e-03 2.215250015258789062e+00
9.480762107212957479e-03 2.215500116348266602e+00
8.417096121527517863e-03 2.215749979019165039e+00
4.201004765955804361e-03 2.216000080108642578e+00
1.005371625285266917e-04 2.216249942779541016e+00
-3.522596945908144147e-03 2.216500043869018555e+00
-8.771405715645471182e-03 2.216749906539916992e+00
-1.519061752311631937e-02 2.217000007629394531e+00
-1.890264348857769935e-02 2.217250108718872070e+00
-1.475750377180289757e-02 2.217499971389770508e+00
6.964087130248659612e-04 2.217750072479248047e+00
2.400067789815070810e-02 2.217999935150146484e+00
4.269482924683595110e-02 2.218250036239624023e+00
4.125683107625449653e-02 2.218499898910522461e+00
1.368464425809172783e-02 2.218750000000000000e+00
-2.861936009305360296e-02 2.219000101089477539e+00
-6.348143084597351882e-02 2.219249963760375977e+00
-7.747165592636932885e-02 2.219500064849853516e+00
-7.365090046088881848e-02 2.219749927520751953e+00
-6.236302860312521734e-02 2.220000028610229492e+00
-5.046071194927617687e-02 2.220249891281127930e+00
-4.309712146631090868e-02 2.220499992370605469e+00
-4.469340381724943440e-02 2.220750093460083008e+00
-5.097960453064717679e-02 2.220999956130981445e+00
-4.970487261073829738e-02 2.221250057220458984e+00
-3.495365803237624608e-02 2.221499919891357422e+00
-1.167076643363077794e-02 2.221750020980834961e+00
1.183330236064896596e-02 2.221999883651733398e+00
2.973070969253070045e-02 2.222249984741210938e+00
3.855634784116043073e-02 2.222500085830688477e+00
3.630226386859795873e-02 2.222749948501586914e+00
2.452737448991047786e-02 2.223000049591064453e+00
1.146521693677451242e-02 2.223249912261962891e+00
6.289672819384655236e-03 2.223500013351440430e+00
1.281798900646415398e-02 2.223750114440917969e+00
2.857154678499148823e-02 2.223999977111816406e+00
4.760228246381440625e-02 2.224250078201293945e+00
6.279451062041581377e-02 2.224499940872192383e+00
7.040665534888936039e-02 2.224750041961669922e+00
7.149244697171575069e-02 2.224999904632568359e+00
6.987668017042648894e-02 2.225250005722045898e+00
6.680913874396937624e-02 2.225500106811523438e+00
5.792026307168029325e-02 2.225749969482421875e+00
3.804405809511499093e-02 2.226000070571899414e+00
1.022793719368738155e-02 2.226249933242797852e+00
-1.302362598657405730e-02 2.226500034332275391e+00
-2.277051956099962818e-02 2.226749897003173828e+00
-2.459853765448441129e-02 2.226999998092651367e+00
-2.924832801690852024e-02 2.227250099182128906e+00
-3.454951037479082193e-02 2.227499961853027344e+00
-3.035872417849981228e-02 2.227750062942504883e+00
-1.832768262676966534e-02 2.227999925613403320e+00
-1.201242282521792180e-02 2.228250026702880859e+00
-1.996503773666199674e-02 2.228499889373779297e+00
-3.402438599998214297e-02 2.228749990463256836e+00
-3.804649621834148288e-02 2.229000091552734375e+00
-2.819980046793309561e-02 2.229249954223632812e+00
-1.611170422917438880e-02 2.229500055313110352e+00
-1.098212130485597127e-02 2.229749917984008789e+00
-8.465602367905998224e-03 2.230000019073486328e+00
5.073160094372185366e-04 2.230249881744384766e+00
1.923972000110538150e-02 2.230499982833862305e+00
4.125240998931877651e-02 2.230750083923339844e+00
5.608701957750634320e-02 2.230999946594238281e+00
6.014319584135660590e-02 2.231250047683715820e+00
5.836993166876865841e-02 2.231499910354614258e+00
5.688510729690562928e-02 2.231750011444091797e+00
5.633737849164133227e-02 2.232000112533569336e+00
5.022563482721698058e-02 2.232249975204467773e+00
3.114246494154587069e-02 2.232500076293945312e+00
1.711886157058436272e-03 2.232749938964843750e+00
-2.469165968873670430e-02 2.233000040054321289e+00
-3.421474779254351367e-02 2.233249902725219727e+00
-2.505567384017883328e-02 2.233500003814697266e+00
-9.051475308465362427e-03 2.233750104904174805e+00
-1.794763820571937006e-03 2.233999967575073242e+00
-9.407351245205855181e-03 2.234250068664550781e+00
-2.552297982907451163e-02 2.234499931335449219e+00
-3.959212545523973364e-02 2.234750032424926758e+00
-4.962574984361051156e-02 2.234999895095825195e+00
-6.027491029824991881e-02 2.235249996185302734e+00
-6.908191072061241333e-02 2.235500097274780273e+00
-6.887500534987681111e-02 2.235749959945678711e+00
-6.119246006377645347e-02 2.236000061035156250e+00
-5.091355798754670231e-02 2.236249923706054688e+00
-3.471433989130495723e-02 2.236500024795532227e+00
-9.172137916996125212e-03 2.236749887466430664e+00
1.752409548903561404e-02 2.236999988555908203e+00
3.284349699607429229e-02 2.237250089645385742e+00
3.451065973627828048e-02 2.237499952316284180e+00
2.780097592492419487e-02 2.237750053405761719e+00
1.532239979335930924e-02 2.237999916076660156e+00
-3.318405741982214351e-03 2.238250017166137695e+00
-2.370815169102922365e-02 2.238500118255615234e+00
-3.541463643747747025e-02 2.238749980926513672e+00
-2.828567871028404151e-02 2.239000082015991211e+00
-1.249506301259753526e-03 2.239249944686889648e+00
3.295613355356871721e-02 2.239500045776367188e+00
5.710395406096875626e-02 2.239749908447265625e+00
6.488080624741401903e-02 2.240000009536743164e+00
6.281909378688793621e-02 2.240250110626220703e+00
5.875489598521312778e-02 2.240499973297119141e+00
5.338020391637115364e-02 2.240750074386596680e+00
4.353448961486137275e-02 2.240999937057495117e+00
2.659440237524411665e-02 2.241250038146972656e+00
2.632514554853086514e-03 2.241499900817871094e+00
-2.023655518926666813e-02 2.241750001907348633e+00
-2.983978063703031022e-02 2.242000102996826172e+00
-2.777776042082305899e-02 2.242249965667724609e+00
-2.661698684425035585e-02 2.242500066757202148e+00
-2.891444137625391250e-02 2.242749929428100586e+00
-2.844568164444582006e-02 2.243000030517578125e+00
-2.438256425635049185e-02 2.243249893188476562e+00
-1.855597741558156002e-02 2.243499994277954102e+00
-1.142319858465509763e-02 2.243750095367431641e+00
-7.076229341867035401e-03 2.243999958038330078e+00
-9.162832675226195364e-03 2.244250059127807617e+00
-1.439230976433848383e-02 2.244499921798706055e+00
-1.323175138734375422e-02 2.244750022888183594e+00
4.074122555408075767e-03 2.244999885559082031e+00
3.587101117068549477e-02 2.245249986648559570e+00
6.561520550484307990e-02 2.245500087738037109e+00
7.749425720072747326e-02 2.245749950408935547e+00
6.798719011698699244e-02 2.246000051498413086e+00
4.446344804267755857e-02 2.246249914169311523e+00
1.974258618899251208e-02 2.246500015258789062e+00
4.422372369868500346e-03 2.246750116348266602e+00
-2.588256518703638352e-03 2.246999979019165039e+00
-8.120267583903387903e-03 2.247250080108642578e+00
-1.075506987880346481e-02 2.247499942779541016e+00
-6.420541344020080747e-03 2.247750043869018555e+00
1.491485647783984082e-03 2.247999906539916992e+00
1.216925448953344764e-02 2.248250007629394531e+00
3.025859096688014033e-02 2.248500108718872070e+00
4.904891847509232350e-02 2.248749971389770508e+00
5.109181291806405567e-02 2.249000072479248047e+00
2.856592114389451542e-02 2.249249935150146484e+00
-7.610241601919824975e-03 2.249500036239624023e+00
-4.115673221353012556e-02 2.249749898910522461e+00
-5.877016762375529557e-02 2.250000000000000000e+00
-5.275887059620740921e-02 2.250250101089477539e+00
-2.506057481408414250e-02 2.250499963760375977e+00
1.058517333319582317e-02 2.250750064849853516e+00
3.712011770983735665e-02 2.250999927520751953e+00
4.261322564167226157e-02 2.251250028610229492e+00
2.924260756189079116e-02 2.251499891281127930e+00
1.345638110525215238e-02 2.251749992370605469e+00
9.922649925671465226e-03 2.252000093460083008e+00
1.424048254615168339e-02 2.252249956130981445e+00
1.461504119327331278e-02 2.252500057220458984e+00
1.098184076707987844e-02 2.252749919891357422e+00
9.533610043477773119e-03 2.253000020980834961e+00
7.834173269724057156e-03 2.253249883651733398e+00
1.488337551166525781e-03 2.253499984741210938e+00
-6.351572527661059585e-03 2.253750085830688477e+00
-1.489884668009155630e-02 2.253999948501586914e+00
-2.884509998975309797e-02 2.254250049591064453e+00
-4.501978270309323765e-02 2.254499912261962891e+00
-5.062366114611305951e-02 2.254750013351440430e+00
-3.746627601248331274e-02 2.255000114440917969e+00
-1.194524891575606679e-02 2.255249977111816406e+00
9.249937938121203726e-03 2.255500078201293945e+00
1.672940867714415095e-02 2.255749940872192383e+00
1.612549117824305794e-02 2.256000041961669922e+00
1.859010524400041275e-02 2.256249904632568359e+00
2.945114326592268572e-02 2.256500005722045898e+00
4.231413230668445991e-02 2.256750106811523438e+00
4.095927721337911526e-02 2.256999969482421875e+00
1.549308614671134413e-02 2.257250070571899414e+00
-2.133925332151466805e-02 2.257499933242797852e+00
-4.486794076384747337e-02 2.257750034332275391e+00
-4.259847227828645472e-02 2.257999897003173828e+00
-2.386988975881692773e-02 2.258249998092651367e+00
-5.760269425453662905e-04 2.258500099182128906e+00
2.101270089492466436e-02 2.258749961853027344e+00
3.321843077298834018e-02 2.259000062942504883e+00
3.284766546391085923e-02 2.259249925613403320e+00
2.889053943136302843e-02 2.259500026702880859e+00
2.694832203149877953e-02 2.259749889373779297e+00
2.166033689931654363e-02 2.259999990463256836e+00
1.259397546049783809e-02 2.260250091552734375e+00
8.895214354754562777e-03 2.260499954223632812e+00
1.279169622394943709e-02 2.260750055313110352e+00
1.571431905855286137e-02 2.260999917984008789e+00
1.403858292025679869e-02 2.261250019073486328e+00
1.159803174798944292e-02 2.261499881744384766e+00
8.370574029394972984e-03 2.261749982833862305e+00
2.283601886260395054e-03 2.262000083923339844e+00
-2.995772122039354595e-03 2.262249946594238281e+00
-4.808472271618945484e-03 2.262500047683715820e+00
-8.278097646057884160e-03 2.262749910354614258e+00
-1.679314719785927196e-02 2.263000011444091797e+00
-2.440642702832256442e-02 2.263250112533569336e+00
-2.684181871089441271e-02 2.263499975204467773e+00
-2.914323367618300645e-02 2.263750076293945312e+00
-3.741883310084962583e-02 2.263999938964843750e+00
-5.299117220317887955e-02 2.264250040054321289e+00
-6.949203947752877197e-02 2.264499902725219727e+00
-7.135235004390280689e-02 2.264750003814697266e+00
-5.038544245097339308e-02 2.265000104904174805e+00
-1.848307422611083703e-02 2.265249967575073242e+00
6.805704194434431323e-03 2.265500068664550781e+00
1.839537036682944993e-02 2.265749931335449219e+00
1.441925679120836627e-02 2.266000032424926758e+00
-1.864249909323178935e-03 2.266249895095825195e+00
-1.640450549348296261e-02 2.266499996185302734e+00
-1.344746070677078388e-02 2.266750097274780273e+00
5.591044830041279508e-03 2.266999959945678711e+00
2.580445337338237513e-02 2.267250061035156250e+00
3.675388561610744287e-02 2.267499923706054688e+00
3.933195388695966827e-02 2.267750024795532227e+00
3.591196829423794201e-02 2.267999887466430664e+00
2.573949254751846036e-02 2.268249988555908203e+00
1.021000054066720925e-02 2.268500089645385742e+00
-1.122570009810151207e-03 2.268749952316284180e+00
2.475745328495732901e-03 2.269000053405761719e+00
1.814265944798415173e-02 2.269249916076660156e+00
2.988952859852277849e-02 2.269500017166137695e+00
2.423862509797781659e-02 2.269750118255615234e+00
1.464630193956029862e-04 2.269999980926513672e+00
-2.732852887639988446e-02 2.270250082015991211e+00
-3.878533526554504840e-02 2.270499944686889648e+00
-2.891266015849743021e-02 2.270750045776367188e+00
-7.512736937287401232e-03 2.270999908447265625e+00
1.289814782827883831e-02 2.271250009536743164e+00
1.946761661472823021e-02 2.271500110626220703e+00
7.070701953849987259e-03 2.271749973297119141e+00
-1.337463598131513436e-02 2.272000074386596680e+00
-2.305952927583293510e-02 2.272249937057495117e+00
-1.607601841650365890e-02 2.272500038146972656e+00
-9.025523979641012764e-04 2.272749900817871094e+00
1.571030929019324660e-02 2.273000001907348633e+00
3.313510190747646911e-02 2.273250102996826172e+00
4.485632202619232317e-02 2.273499965667724609e+00
4.101429655221226767e-02 2.273750066757202148e+00
2.355042399602410089e-02 2.273999929428100586e+00
7.317842071780593372e-03 2.274250030517578125e+00
7.308962571832906124e-03 2.274499893188476562e+00
3.081193296402692447e-02 2.274749994277954102e+00
6.824893690159493376e-02 2.275000095367431641e+00
9.566301647183847456e-02 2.275249958038330078e+00
9.402738277929739708e-02 2.275500059127807617e+00
6.781961160223286267e-02 2.275749921798706055e+00
3.989653373675196985e-02 2.276000022888183594e+00
3.203517830067587752e-02 2.276249885559082031e+00
4.469362559033861204e-02 2.276499986648559570e+00
6.334617687637744687e-02 2.276750087738037109e+00
7.741650561632992811e-02 2.276999950408935547e+00
8.434672954384803134e-02 2.277250051498413086e+00
8.360378731049887546e-02 2.277499914169311523e+00
7.681135340647420040e-02 2.277750015258789062e+00
6.453542298204827110e-02 2.278000116348266602e+00
4.409436761489884948e-02 2.278249979019165039e+00
1.776667601670252686e-02 2.278500080108642578e+00
-3.709521218390248939e-03 2.278749942779541016e+00
-1.257936748970357559e-02 2.279000043869018555e+00
-1.040964754295643953e-02 2.279249906539916992e+00
-4.969789722035086732e-03 2.279500007629394531e+00
-6.995135970398157210e-03 2.279750108718872070e+00
-2.166316447362245587e-02 2.279999971389770508e+00
-4.181016979081452617e-02 2.280250072479248047e+00
-5.397273947606118921e-02 2.280499935150146484e+00
-4.483517664593091728e-02 2.280750036239624023e+00
-8.552489437304357581e-03 2.280999898910522461e+00
4.087821629802713269e-02 2.281250000000000000e+00
7.788547161250795881e-02 2.281500101089477539e+00
9.312167273222572705e-02 2.281749963760375977e+00
9.659504965053236636e-02 2.282000064849853516e+00
9.904205158497976502e-02 2.282249927520751953e+00
9.939572974388474758e-02 2.282500028610229492e+00
9.009678122442532633e-02 2.282749891281127930e+00
7.170374872142243339e-02 2.282999992370605469e+00
5.459694838644826159e-02 2.283250093460083008e+00
4.282189220853037381e-02 2.283499956130981445e+00
2.855738854637483032e-02 2.283750057220458984e+00
7.992151633833759206e-03 2.283999919891357422e+00
-9.285604430018551403e-03 2.284250020980834961e+00
-6.147541385442419591e-03 2.284499883651733398e+00
2.477586445917714583e-02 2.284749984741210938e+00
6.437026269563372871e-02 2.285000085830688477e+00
8.398725869553715084e-02 2.285249948501586914e+00
7.902391892364582504e-02 2.285500049591064453e+00
7.220258411315882974e-02 2.285749912261962891e+00
8.083790461266367189e-02 2.286000013351440430e+00
9.658934808457675381e-02 2.286250114440917969e+00
9.986896232437827980e-02 2.286499977111816406e+00
8.723369105093937981e-02 2.286750078201293945e+00
7.404997885771383292e-02 2.286999940872192383e+00
7.344197009021395661e-02 2.287250041961669922e+00
8.633635690152938191e-02 2.287499904632568359e+00
1.059550716310855845e-01 2.287750005722045898e+00
1.205453180809517161e-01 2.288000106811523438e+00
1.179331142061682963e-01 2.288249969482421875e+00
9.934197425409919957e-02 2.288500070571899414e+00
7.799053018283952365e-02 2.288749933242797852e+00
6.521205588018803845e-02 2.289000034332275391e+00
6.563410799258254102e-02 2.289249897003173828e+00
7.972169633509090803e-02 2.289499998092651367e+00
9.864553676900328361e-02 2.289750099182128906e+00
1.088396767934765169e-01 2.289999961853027344e+00
1.076774285731222913e-01 2.290250062942504883e+00
1.042354726404864096e-01 2.290499925613403320e+00
9.982195749095046367e-02 2.290750026702880859e+00
8.430166003262798413e-02 2.290999889373779297e+00
5.388859345881007873e-02 2.291249990463256836e+00
2.120550938364763535e-02 2.291500091552734375e+00
6.103848754870020051e-03 2.291749954223632812e+00
1.738727314225609055e-02 2.292000055313110352e+00
4.364863371296383299e-02 2.292249917984008789e+00
5.983065928044593862e-02 2.292500019073486328e+00
4.557674223781441047e-02 2.292749881744384766e+00
-5.828433045975376335e-03 2.292999982833862305e+00
-8.663166418960881188e-02 2.293250083923339844e+00
-1.752008467339847830e-01 2.293499946594238281e+00
-2.400590423052666733e-01 2.293750047683715820e+00
-2.632982275874856115e-01 2.293999910354614258e+00
-2.532125822050455000e-01 2.294250011444091797e+00
-2.300912879081461748e-01 2.294500112533569336e+00
-2.066482939432223165e-01 2.294749975204467773e+00
-1.876363485943128295e-01 2.295000076293945312e+00
-1.738161205697939804e-01 2.295249938964843750e+00
-1.629200738784591374e-01 2.295500040054321289e+00
-1.533125266958720589e-01 2.295749902725219727e+00
-1.486050334251294569e-01 2.296000003814697266e+00
-1.501419632698801632e-01 2.296250104904174805e+00
-1.475602182878590907e-01 2.296499967575073242e+00
-1.303160106208353375e-01 2.296750068664550781e+00
-1.022481653002525193e-01 2.296999931335449219e+00
-7.775292211440926193e-02 2.297250032424926758e+00
-6.953172016084280260e-02 2.297499895095825195e+00
-7.995639735261904357e-02 2.297749996185302734e+00
-9.666821021795983515e-02 2.298000097274780273e+00
-1.028819911853217778e-01 2.298249959945678711e+00
-9.318628430236765292e-02 2.298500061035156250e+00
-7.531468246791046817e-02 2.298749923706054688e+00
-5.701465216151507115e-02 2.299000024795532227e+00
-3.769226302757604230e-02 2.299249887466430664e+00
-1.838889289078469644e-02 2.299499988555908203e+00
-5.849262801051345086e-03 2.299750089645385742e+00
-5.064671987390730566e-03 2.299999952316284180e+00
-1.919694485261667916e-02 2.300250053405761719e+00
-4.326331858537511843e-02 2.300499916076660156e+00
-6.543331418623032913e-02 2.300750017166137695e+00
-7.896296788064033345e-02 2.301000118255615234e+00
-7.705373233794581000e-02 2.301249980926513672e+00
-5.182394326789572375e-02 2.301500082015991211e+00
-1.409679231363213450e-02 2.301749944686889648e+00
1.474100259176114834e-02 2.302000045776367188e+00
2.426216850872234959e-02 2.302249908447265625e+00
1.191912123120533566e-02 2.302500009536743164e+00
-1.428221212802745742e-02 2.302750110626220703e+00
-3.006289149450884143e-02 2.302999973297119141e+00
-2.295256316271898633e-02 2.303250074386596680e+00
-5.865999834349835962e-03 2.303499937057495117e+00
1.153498350588639219e-02 2.303750038146972656e+00
3.125703985363098569e-02 2.303999900817871094e+00
4.165343793910680770e-02 2.304250001907348633e+00
2.614266969339707619e-02 2.304500102996826172e+00
-3.573384757194611461e-03 2.304749965667724609e+00
-2.465325804570314347e-02 2.305000066757202148e+00
-3.728837076725047273e-02 2.305249929428100586e+00
-4.580125484810630004e-02 2.305500030517578125e+00
-3.610647012007446588e-02 2.305749893188476562e+00
-6.743868421162601406e-03 2.305999994277954102e+00
1.529116191416765233e-02 2.306250095367431641e+00
1.556828839634797311e-02 2.306499958038330078e+00
1.518168487812923510e-02 2.306750059127807617e+00
2.787749151324189767e-02 2.306999921798706055e+00
3.285966272240275349e-02 2.307250022888183594e+00
1.768353656897382609e-02 2.307499885559082031e+00
9.970061061450203113e-03 2.307749986648559570e+00
3.513673750974155574e-02 2.308000087738037109e+00
7.211625514015375382e-02 2.308249950408935547e+00
8.096774995485093995e-02 2.308500051498413086e+00
5.844255905731781525e-02 2.308749914169311523e+00
3.354675929138300344e-02 2.309000015258789062e+00
1.893306524993661200e-02 2.309250116348266602e+00
1.305849990278429556e-03 2.309499979019165039e+00
-1.857133080594532137e-02 2.309750080108642578e+00
-1.865418681677716989e-02 2.309999942779541016e+00
5.194085058902934808e-03 2.310250043869018555e+00
2.474903080653452492e-02 2.310499906539916992e+00
1.396482071356134995e-02 2.310750007629394531e+00
-1.813371938228004743e-02 2.311000108718872070e+00
-3.689801667560320408e-02 2.311249971389770508e+00
-2.349325278158611099e-02 2.311500072479248047e+00
7.548034780282193365e-03 2.311749935150146484e+00
2.909445051761916368e-02 2.312000036239624023e+00
3.417532307445704520e-02 2.312249898910522461e+00
3.859964992993762667e-02 2.312500000000000000e+00
5.290259432609739632e-02 2.312750101089477539e+00
6.701786007907818699e-02 2.312999963760375977e+00
6.516365473877044900e-02 2.313250064849853516e+00
4.461283844712896768e-02 2.313499927520751953e+00
2.027221401674864434e-02 2.313750028610229492e+00
8.646292162242771168e-03 2.313999891281127930e+00
2.999232850235576935e-03 2.314249992370605469e+00
-1.595193686435476127e-02 2.314500093460083008e+00
-4.013699855542132711e-02 2.314749956130981445e+00
-3.469813377298403695e-02 2.315000057220458984e+00
1.176720865376422800e-02 2.315249919891357422e+00
6.351350019431212246e-02 2.315500020980834961e+00
7.759413611039231440e-02 2.315749883651733398e+00
5.216577778862015180e-02 2.315999984741210938e+00
2.329657781759019580e-02 2.316250085830688477e+00
2.363713170993988338e-02 2.316499948501586914e+00
4.418517634519849441e-02 2.316750049591064453e+00
4.967124765680127479e-02 2.316999912261962891e+00
2.581418619567285230e-02 2.317250013351440430e+00
-7.836973561352789022e-04 2.317500114440917969e+00
4.171617228175132294e-03 2.317749977111816406e+00
4.230703639077011691e-02 2.318000078201293945e+00
8.710366636858020428e-02 2.318249940872192383e+00
1.126540950393309509e-01 2.318500041961669922e+00
1.102479672643495862e-01 2.318749904632568359e+00
9.144607450804702331e-02 2.319000005722045898e+00
8.072958344144461063e-02 2.319250106811523438e+00
8.814539088561426650e-02 2.319499969482421875e+00
9.714365430979141069e-02 2.319750070571899414e+00
8.410694337166645107e-02 2.319999933242797852e+00
4.673345836067284431e-02 2.320250034332275391e+00
1.034139893523502822e-02 2.320499897003173828e+00
1.723216953826814044e-03 2.320749998092651367e+00
2.203537646251040386e-02 2.321000099182128906e+00
4.990036943473254855e-02 2.321249961853027344e+00
6.003733553692162939e-02 2.321500062942504883e+00
3.966333107567360933e-02 2.321749925613403320e+00
-1.319154129875237417e-03 2.322000026702880859e+00
-4.694695850149262217e-02 2.322249889373779297e+00
-9.464767375001267857e-02 2.322499990463256836e+00
-1.413004961015909833e-01 2.322750091552734375e+00
-1.724140717246692434e-01 2.322999954223632812e+00
-1.794608137473948650e-01 2.323250055313110352e+00
-1.674318914168182459e-01 2.323499917984008789e+00
-1.416102841677096547e-01 2.323750019073486328e+00
-1.085267868449793366e-01 2.323999881744384766e+00
-8.141161050419686018e-02 2.324249982833862305e+00
-7.141396678225833683e-02 2.324500083923339844e+00
-7.404373301376079852e-02 2.324749946594238281e+00
-7.493340930723203785e-02 2.325000047683715820e+00
-6.628955525677672489e-02 2.325249910354614258e+00
-5.481876835929018477e-02 2.325500011444091797e+00
-4.921947439366965854e-02 2.325750112533569336e+00
-4.715896233624417705e-02 2.325999975204467773e+00
-4.183895636170469057e-02 2.326250076293945312e+00
-3.371965224793137955e-02 2.326499938964843750e+00
-2.541327929421095463e-02 2.326750040054321289e+00
-1.488383870047104568e-02 2.326999902725219727e+00
-4.577353885141246040e-03 2.327250003814697266e+00
-5.097867863085909015e-03 2.327500104904174805e+00
-2.206537603350685814e-02 2.327749967575073242e+00
-4.684057199207691813e-02 2.328000068664550781e+00
-6.410671712039149595e-02 2.328249931335449219e+00
-6.341045241443878100e-02 2.328500032424926758e+00
-4.276889188698585614e-02 2.328749895095825195e+00
-9.893036542025635330e-03 2.328999996185302734e+00
1.865014131868107314e-02 2.329250097274780273e+00
2.655901265530259681e-02 2.329499959945678711e+00
4.574111111400365991e-03 2.329750061035156250e+00
-4.100901463481049919e-02 2.329999923706054688e+00
-8.294826959456809423e-02 2.330250024795532227e+00
-9.392192392915418853e-02 2.330499887466430664e+00
-7.362072113009195118e-02 2.330749988555908203e+00
-4.146291060861322791e-02 2.331000089645385742e+00
-1.568895040065253557e-02 2.331249952316284180e+00
-4.158949124178347619e-03 2.331500053405761719e+00
6.984429457623839545e-04 2.331749916076660156e+00
1.640208120174305173e-02 2.332000017166137695e+00
4.375535752651332072e-02 2.332250118255615234e+00
6.301669901055809153e-02 2.332499980926513672e+00
6.312875626998801226e-02 2.332750082015991211e+00
5.174145706020669838e-02 2.332999944686889648e+00
3.537225207782325465e-02 2.333250045776367188e+00
1.618869412289338644e-02 2.333499908447265625e+00
1.312893254976694145e-03 2.333750009536743164e+00
-5.073895528180014623e-03 2.334000110626220703e+00
-8.977491423493851735e-03 2.334249973297119141e+00
-1.309151151598625211e-02 2.334500074386596680e+00
-1.281367692838652518e-02 2.334749937057495117e+00
-9.977998081749078069e-03 2.335000038146972656e+00
-1.273474104266688819e-02 2.335249900817871094e+00
-1.577913436230193520e-02 2.335500001907348633e+00
-3.854597133738986436e-03 2.335750102996826172e+00
1.749013107646617271e-02 2.335999965667724609e+00
2.305366985994343129e-02 2.336250066757202148e+00
7.081685861611804363e-03 2.336499929428100586e+00
-8.635860873886768915e-03 2.336750030517578125e+00
-7.686871864188061891e-03 2.336999893188476562e+00
3.571311723804846978e-03 2.337249994277954102e+00
1.135285763553853244e-02 2.337500095367431641e+00
1.403975243850351211e-02 2.337749958038330078e+00
1.910344193646855079e-02 2.338000059127807617e+00
2.656944482047205597e-02 2.338249921798706055e+00
2.620719271119096097e-02 2.338500022888183594e+00
1.178022351652395147e-02 2.338749885559082031e+00
-8.745990714321544984e-03 2.338999986648559570e+00
-2.088594526632265788e-02 2.339250087738037109e+00
-2.133270642692447483e-02 2.339499950408935547e+00
-2.089690702164939684e-02 2.339750051498413086e+00
-2.532455696852660768e-02 2.339999914169311523e+00
-2.402405554105402005e-02 2.340250015258789062e+00
-9.841749169877482203e-03 2.340500116348266602e+00
4.315810528813517500e-04 2.340749979019165039e+00
-1.243328409786445370e-02 2.341000080108642578e+00
-3.578737530099829200e-02 2.341249942779541016e+00
-3.612846860743518934e-02 2.341500043869018555e+00
3.205340374115809719e-04 2.341749906539916992e+00
5.581636299357616710e-02 2.342000007629394531e+00
9.816224006918000677e-02 2.342250108718872070e+00
1.086208013156102908e-01 2.342499971389770508e+00
9.323019850531787112e-02 2.342750072479248047e+00
6.786910406306541355e-02 2.342999935150146484e+00
3.891017113896823310e-02 2.343250036239624023e+00
9.628469898944827174e-03 2.343499898910522461e+00
-1.258186819943868905e-02 2.343750000000000000e+00
-2.422856737113938952e-02 2.344000101089477539e+00
-3.278944071052067311e-02 2.344249963760375977e+00
-4.561781999070583377e-02 2.344500064849853516e+00
-5.806715431560011825e-02 2.344749927520751953e+00
-5.809031229547982622e-02 2.345000028610229492e+00
-3.491138874049377894e-02 2.345249891281127930e+00
1.415949873512577749e-02 2.345499992370605469e+00
7.144253467756371545e-02 2.345750093460083008e+00
1.048774599671761926e-01 2.345999956130981445e+00
1.010661328763769046e-01 2.346250057220458984e+00
7.677318516167019880e-02 2.346499919891357422e+00
5.747992013188599203e-02 2.346750020980834961e+00
5.501022130108375319e-02 2.346999883651733398e+00
6.430687043237467981e-02 2.347249984741210938e+00
7.584873835640437711e-02 2.347500085830688477e+00
8.614158510908331845e-02 2.347749948501586914e+00
9.512441816601691080e-02 2.348000049591064453e+00
1.054838507843249562e-01 2.348249912261962891e+00
1.182136283862499082e-01 2.348500013351440430e+00
1.206356769095599663e-01 2.348750114440917969e+00
9.610238641845782193e-02 2.348999977111816406e+00
4.957833928522793754e-02 2.349250078201293945e+00
1.257150816292834303e-02 2.349499940872192383e+00
9.172176590271818170e-03 2.349750041961669922e+00
2.652422635017257294e-02 2.349999904632568359e+00
3.148284408254303085e-02 2.350250005722045898e+00
1.243597524223802667e-02 2.350500106811523438e+00
-1.758812297139359174e-02 2.350749969482421875e+00
-4.451300925772167655e-02 2.351000070571899414e+00
-6.038414756318766230e-02 2.351249933242797852e+00
-5.764728066980145255e-02 2.351500034332275391e+00
-3.872515398928397246e-02 2.351749897003173828e+00
-2.599260272391830731e-02 2.351999998092651367e+00
-4.288989871195770381e-02 2.352250099182128906e+00
-8.120074344224374741e-02 2.352499961853027344e+00
-1.083038377173412281e-01 2.352750062942504883e+00
-1.068474174948528116e-01 2.352999925613403320e+00
-9.049179768571988247e-02 2.353250026702880859e+00
-8.253222859575730375e-02 2.353499889373779297e+00
-8.998145190798120807e-02 2.353749990463256836e+00
-1.002005003375749936e-01 2.354000091552734375e+00
-9.555379893910401212e-02 2.354249954223632812e+00
-7.228546060670340556e-02 2.354500055313110352e+00
-4.234745640453790871e-02 2.354749917984008789e+00
-1.903076268025162207e-02 2.355000019073486328e+00
-8.108359089040787643e-03 2.355249881744384766e+00
-1.343866010071889314e-02 2.355499982833862305e+00
-3.489835627460567691e-02 2.355750083923339844e+00
-5.895557850916317844e-02 2.355999946594238281e+00
-6.576571511748746657e-02 2.356250047683715820e+00
-5.301484367709043827e-02 2.356499910354614258e+00
-3.617317405347986181e-02 2.356750011444091797e+00
-2.623790512339917516e-02 2.357000112533569336e+00
-2.159382680139801045e-02 2.357249975204467773e+00
-1.731212319763923355e-02 2.357500076293945312e+00
-1.276190095326197593e-02 2.357749938964843750e+00
-1.670202111556392394e-02 2.358000040054321289e+00
-3.898777901609992019e-02 2.358249902725219727e+00
-7.107302386034561326e-02 2.358500003814697266e+00
-9.099520353163870201e-02 2.358750104904174805e+00
-8.693414027942140965e-02 2.358999967575073242e+00
-6.199177793782647411e-02 2.359250068664550781e+00
-2.690225673896842751e-02 2.359499931335449219e+00
1.768667129902459041e-03 2.359750032424926758e+00
1.145622494614585360e-02 2.359999895095825195e+00
3.774201483139653750e-03 2.360249996185302734e+00
-1.004655813785693304e-02 2.360500097274780273e+00
-2.183708961238503901e-02 2.360749959945678711e+00
-3.204773401406234984e-02 2.361000061035156250e+00
-4.185670230339018361e-02 2.361249923706054688e+00
-4.322215640411875004e-02 2.361500024795532227e+00
-2.916354223576007876e-02 2.361749887466430664e+00
-8.677309882944619565e-03 2.361999988555908203e+00
2.731239579691309600e-03 2.362250089645385742e+00
1.489572801325195640e-03 2.362499952316284180e+00
-1.009214253582706340e-02 2.362750053405761719e+00
-2.897707816617491744e-02 2.362999916076660156e+00
-4.356143487203285175e-02 2.363250017166137695e+00
-4.019575680905324022e-02 2.363500118255615234e+00
-1.979670989444749438e-02 2.363749980926513672e+00
5.925889170695819615e-03 2.364000082015991211e+00
2.637611736491979331e-02 2.364249944686889648e+00
3.740061283693677657e-02 2.364500045776367188e+00
3.901792276811986981e-02 2.364749908447265625e+00
3.463620945494429171e-02 2.365000009536743164e+00
3.103591007761578521e-02 2.365250110626220703e+00
3.445761139983921639e-02 2.365499973297119141e+00
4.010672447807250157e-02 2.365750074386596680e+00
3.531759929922099334e-02 2.365999937057495117e+00
1.946524609668908584e-02 2.366250038146972656e+00
5.182232197658524255e-03 2.366499900817871094e+00
-4.010901826892566448e-03 2.366750001907348633e+00
-1.778365458506116561e-02 2.367000102996826172e+00
-4.038918872987051073e-02 2.367249965667724609e+00
-5.940738662556054039e-02 2.367500066757202148e+00
-5.632006452626819870e-02 2.367749929428100586e+00
-2.809967919731394537e-02 2.368000030517578125e+00
4.395462519775319293e-03 2.368249893188476562e+00
1.694615567541098503e-02 2.368499994277954102e+00
1.058960461176625470e-02 2.368750095367431641e+00
5.988922029969754798e-03 2.368999958038330078e+00
1.336523639785261973e-02 2.369250059127807617e+00
2.504426038598600926e-02 2.369499921798706055e+00
2.939836367441403878e-02 2.369750022888183594e+00
2.336263488362414625e-02 2.369999885559082031e+00
1.426092941564600924e-02 2.370249986648559570e+00
1.209408193013274298e-02 2.370500087738037109e+00
1.805538817818896219e-02 2.370749950408935547e+00
2.346688418441659693e-02 2.371000051498413086e+00
2.602866051064461547e-02 2.371249914169311523e+00
3.685822781797661735e-02 2.371500015258789062e+00
5.991088005809642320e-02 2.371750116348266602e+00
7.868091974765968610e-02 2.371999979019165039e+00
7.499617978318209865e-02 2.372250080108642578e+00
5.481837506681783156e-02 2.372499942779541016e+00
4.063185009773361001e-02 2.372750043869018555e+00
4.496969253160811031e-02 2.372999906539916992e+00
5.843949105435228969e-02 2.373250007629394531e+00
6.420531359387612880e-02 2.373500108718872070e+00
5.669574074798457153e-02 2.373749971389770508e+00
4.470675568680605727e-02 2.374000072479248047e+00
3.823521176861990195e-02 2.374249935150146484e+00
3.799426312339231754e-02 2.374500036239624023e+00
3.749826590452295244e-02 2.374749898910522461e+00
3.240663510087423566e-02 2.375000000000000000e+00
2.551977315092058760e-02 2.375250101089477539e+00
2.222864806256362111e-02 2.375499963760375977e+00
2.359556320342609190e-02 2.375750064849853516e+00
2.055862701472926241e-02 2.375999927520751953e+00
2.697689395930229217e-03 2.376250028610229492e+00
-2.152162544358776283e-02 2.376499891281127930e+00
-2.709333444938099439e-02 2.376749992370605469e+00
2.889474103910948805e-03 2.377000093460083008e+00
5.309280981817569162e-02 2.377249956130981445e+00
8.554968733857037932e-02 2.377500057220458984e+00
7.438434832563703414e-02 2.377749919891357422e+00
3.255528604843115070e-02 2.378000020980834961e+00
-7.146685734973079636e-03 2.378249883651733398e+00
-2.635745696170907135e-02 2.378499984741210938e+00
-3.006819274713484064e-02 2.378750085830688477e+00
-2.881854011637006996e-02 2.378999948501586914e+00
-2.362722106863539631e-02 2.379250049591064453e+00
-6.586867662250698446e-03 2.379499912261962891e+00
2.788329523826348771e-02 2.379750013351440430e+00
6.827403168268676714e-02 2.380000114440917969e+00
8.558792187254148087e-02 2.380249977111816406e+00
6.082226884564884140e-02 2.380500078201293945e+00
1.163841537132497515e-02 2.380749940872192383e+00
-2.406969411881899196e-02 2.381000041961669922e+00
